onset	duration	trial_type	trial_number	stroop_condition	stim_text(PL)	stim_text(eng)	stim_color(PL)	stim_color(eng)	response_type	response_color
0.0	n/a	RESPONSE	n/a	n/a	n/a	n/a	n/a	n/a	n/a	n/a
0.0361	1.0167	ITI	n/a	n/a	n/a	n/a	n/a	n/a	n/a	n/a
1.0528	0.5	FIXCROSS	n/a	n/a	n/a	n/a	n/a	n/a	n/a	n/a
1.5528	1.1	T_INK	1	Incongruent	zielony	green	niebieski	blue	incorrect	n/a
2.6393	n/a	RESPONSE	n/a	n/a	n/a	n/a	n/a	n/a	n/a	green
2.6528	0.5	FEEDBACK	n/a	n/a	n/a	n/a	n/a	n/a	n/a	n/a
3.1528	1.0	ITI	n/a	n/a	n/a	n/a	n/a	n/a	n/a	n/a
4.1528	0.5	FIXCROSS	n/a	n/a	n/a	n/a	n/a	n/a	n/a	n/a
4.6528	1.3167	T_INK	2	Neutral	xxxxx	xxxxx	czerwony	red	hit	n/a
5.9505	n/a	RESPONSE	n/a	n/a	n/a	n/a	n/a	n/a	n/a	red
5.9695	0.5	FEEDBACK	n/a	n/a	n/a	n/a	n/a	n/a	n/a	n/a
6.4695	1.0	ITI	n/a	n/a	n/a	n/a	n/a	n/a	n/a	n/a
7.4695	0.5	FIXCROSS	n/a	n/a	n/a	n/a	n/a	n/a	n/a	n/a
7.9695	0.6667	T_INK	3	Neutral	xxxxxxxx	xxxxxxxx	żółty	yellow	hit	n/a
8.6218	n/a	RESPONSE	n/a	n/a	n/a	n/a	n/a	n/a	n/a	yellow
8.6362	0.5	FEEDBACK	n/a	n/a	n/a	n/a	n/a	n/a	n/a	n/a
9.1362	1.0	ITI	n/a	n/a	n/a	n/a	n/a	n/a	n/a	n/a
10.1362	0.5	FIXCROSS	n/a	n/a	n/a	n/a	n/a	n/a	n/a	n/a
10.6362	0.8333	T_INK	4	Neutral	xxxxxxx	xxxxxxx	niebieski	blue	hit	n/a
11.4532	n/a	RESPONSE	n/a	n/a	n/a	n/a	n/a	n/a	n/a	blue
11.4695	0.5	FEEDBACK	n/a	n/a	n/a	n/a	n/a	n/a	n/a	n/a
11.9696	1.0	ITI	n/a	n/a	n/a	n/a	n/a	n/a	n/a	n/a
12.9696	0.5	FIXCROSS	n/a	n/a	n/a	n/a	n/a	n/a	n/a	n/a
13.4696	1.5	T_INK	5	Incongruent	czerwony	red	niebieski	blue	hit	n/a
14.9403	n/a	RESPONSE	n/a	n/a	n/a	n/a	n/a	n/a	n/a	blue
14.9696	0.5167	FEEDBACK	n/a	n/a	n/a	n/a	n/a	n/a	n/a	n/a
15.4862	1.0167	ITI	n/a	n/a	n/a	n/a	n/a	n/a	n/a	n/a
16.5029	0.5167	FIXCROSS	n/a	n/a	n/a	n/a	n/a	n/a	n/a	n/a
17.0196	0.6167	T_INK	6	Neutral	xxxxxxx	xxxxxxx	czerwony	red	hit	n/a
17.6117	n/a	RESPONSE	n/a	n/a	n/a	n/a	n/a	n/a	n/a	red
17.6363	0.5167	FEEDBACK	n/a	n/a	n/a	n/a	n/a	n/a	n/a	n/a
18.1529	1.0167	ITI	n/a	n/a	n/a	n/a	n/a	n/a	n/a	n/a
19.1696	0.5167	FIXCROSS	n/a	n/a	n/a	n/a	n/a	n/a	n/a	n/a
19.6863	0.7	T_INK	7	Neutral	xxxxxxxxx	xxxxxxxxx	zielony	green	hit	n/a
20.363	n/a	RESPONSE	n/a	n/a	n/a	n/a	n/a	n/a	n/a	green
20.3863	0.5167	FEEDBACK	n/a	n/a	n/a	n/a	n/a	n/a	n/a	n/a
20.903	1.0167	ITI	n/a	n/a	n/a	n/a	n/a	n/a	n/a	n/a
21.9196	0.5167	FIXCROSS	n/a	n/a	n/a	n/a	n/a	n/a	n/a	n/a
22.4363	0.5167	T_INK	8	Neutral	xxxxx	xxxxx	zielony	green	hit	n/a
22.9224	n/a	RESPONSE	n/a	n/a	n/a	n/a	n/a	n/a	n/a	green
22.953	0.5167	FEEDBACK	n/a	n/a	n/a	n/a	n/a	n/a	n/a	n/a
23.4696	1.0167	ITI	n/a	n/a	n/a	n/a	n/a	n/a	n/a	n/a
24.4863	0.5167	FIXCROSS	n/a	n/a	n/a	n/a	n/a	n/a	n/a	n/a
25.003	0.65	T_INK	9	Incongruent	niebieski	blue	czerwony	red	hit	n/a
25.6258	n/a	RESPONSE	n/a	n/a	n/a	n/a	n/a	n/a	n/a	red
25.653	0.5167	FEEDBACK	n/a	n/a	n/a	n/a	n/a	n/a	n/a	n/a
26.1697	1.0167	ITI	n/a	n/a	n/a	n/a	n/a	n/a	n/a	n/a
27.1863	0.5167	FIXCROSS	n/a	n/a	n/a	n/a	n/a	n/a	n/a	n/a
27.703	0.5833	T_INK	10	Neutral	xxxxxxxxx	xxxxxxxxx	czerwony	red	hit	n/a
28.2652	n/a	RESPONSE	n/a	n/a	n/a	n/a	n/a	n/a	n/a	red
28.2863	0.5167	FEEDBACK	n/a	n/a	n/a	n/a	n/a	n/a	n/a	n/a
28.803	1.0167	ITI	n/a	n/a	n/a	n/a	n/a	n/a	n/a	n/a
29.8197	0.5167	FIXCROSS	n/a	n/a	n/a	n/a	n/a	n/a	n/a	n/a
30.3364	0.7333	T_INK	11	Incongruent	zielony	green	czerwony	red	hit	n/a
31.0484	n/a	RESPONSE	n/a	n/a	n/a	n/a	n/a	n/a	n/a	red
31.0697	0.5167	FEEDBACK	n/a	n/a	n/a	n/a	n/a	n/a	n/a	n/a
31.5864	1.0167	ITI	n/a	n/a	n/a	n/a	n/a	n/a	n/a	n/a
32.603	0.5167	FIXCROSS	n/a	n/a	n/a	n/a	n/a	n/a	n/a	n/a
33.1197	0.6667	T_INK	12	Incongruent	niebieski	blue	zielony	green	hit	n/a
33.7678	n/a	RESPONSE	n/a	n/a	n/a	n/a	n/a	n/a	n/a	green
33.7864	0.5167	FEEDBACK	n/a	n/a	n/a	n/a	n/a	n/a	n/a	n/a
34.3031	1.0334	ITI	n/a	n/a	n/a	n/a	n/a	n/a	n/a	n/a
40.7741	n/a	RESPONSE	n/a	n/a	n/a	n/a	n/a	n/a	n/a	n/a
40.8364	1.0167	ITI	n/a	n/a	n/a	n/a	n/a	n/a	n/a	n/a
41.8531	0.5167	FIXCROSS	n/a	n/a	n/a	n/a	n/a	n/a	n/a	n/a
42.3698	0.65	INK	1	Neutral	xxxxxxx	xxxxxxx	czerwony	red	hit	n/a
42.9976	n/a	RESPONSE	n/a	n/a	n/a	n/a	n/a	n/a	n/a	red
43.0198	1.0167	ITI	n/a	n/a	n/a	n/a	n/a	n/a	n/a	n/a
44.0365	0.5167	FIXCROSS	n/a	n/a	n/a	n/a	n/a	n/a	n/a	n/a
44.5531	0.8	INK	2	Incongruent	żółty	yellow	czerwony	red	hit	n/a
45.333	n/a	RESPONSE	n/a	n/a	n/a	n/a	n/a	n/a	n/a	red
45.3531	1.0167	ITI	n/a	n/a	n/a	n/a	n/a	n/a	n/a	n/a
46.3698	0.5167	FIXCROSS	n/a	n/a	n/a	n/a	n/a	n/a	n/a	n/a
46.8865	0.7667	INK	3	Incongruent	żółty	yellow	czerwony	red	hit	n/a
47.6204	n/a	RESPONSE	n/a	n/a	n/a	n/a	n/a	n/a	n/a	red
47.6532	1.0167	ITI	n/a	n/a	n/a	n/a	n/a	n/a	n/a	n/a
48.6698	0.5167	FIXCROSS	n/a	n/a	n/a	n/a	n/a	n/a	n/a	n/a
49.1865	0.7667	INK	4	Neutral	xxxxx	xxxxx	niebieski	blue	hit	n/a
49.9239	n/a	RESPONSE	n/a	n/a	n/a	n/a	n/a	n/a	n/a	blue
49.9532	1.0167	ITI	n/a	n/a	n/a	n/a	n/a	n/a	n/a	n/a
50.9698	0.5167	FIXCROSS	n/a	n/a	n/a	n/a	n/a	n/a	n/a	n/a
51.4865	0.4667	INK	5	Neutral	xxxxxxxxx	xxxxxxxxx	czerwony	red	hit	n/a
51.9234	n/a	RESPONSE	n/a	n/a	n/a	n/a	n/a	n/a	n/a	red
51.9532	1.0167	ITI	n/a	n/a	n/a	n/a	n/a	n/a	n/a	n/a
52.9699	0.5167	FIXCROSS	n/a	n/a	n/a	n/a	n/a	n/a	n/a	n/a
53.4865	0.6167	INK	6	Neutral	xxxxxxxx	xxxxxxxx	zielony	green	hit	n/a
54.0829	n/a	RESPONSE	n/a	n/a	n/a	n/a	n/a	n/a	n/a	green
54.1032	1.0167	ITI	n/a	n/a	n/a	n/a	n/a	n/a	n/a	n/a
55.1199	0.5167	FIXCROSS	n/a	n/a	n/a	n/a	n/a	n/a	n/a	n/a
55.6366	0.45	INK	7	Neutral	xxxxxxxxx	xxxxxxxxx	żółty	yellow	hit	n/a
56.0664	n/a	RESPONSE	n/a	n/a	n/a	n/a	n/a	n/a	n/a	yellow
56.0866	1.0167	ITI	n/a	n/a	n/a	n/a	n/a	n/a	n/a	n/a
57.1032	0.5167	FIXCROSS	n/a	n/a	n/a	n/a	n/a	n/a	n/a	n/a
57.6199	0.4667	INK	8	Neutral	xxxxxxxxx	xxxxxxxxx	żółty	yellow	hit	n/a
58.0659	n/a	RESPONSE	n/a	n/a	n/a	n/a	n/a	n/a	n/a	yellow
58.0866	1.0167	ITI	n/a	n/a	n/a	n/a	n/a	n/a	n/a	n/a
59.1032	0.5167	FIXCROSS	n/a	n/a	n/a	n/a	n/a	n/a	n/a	n/a
59.6199	0.7167	INK	9	Incongruent	niebieski	blue	zielony	green	hit	n/a
60.3054	n/a	RESPONSE	n/a	n/a	n/a	n/a	n/a	n/a	n/a	green
60.3366	1.0167	ITI	n/a	n/a	n/a	n/a	n/a	n/a	n/a	n/a
61.3533	0.5167	FIXCROSS	n/a	n/a	n/a	n/a	n/a	n/a	n/a	n/a
61.8699	0.4833	INK	10	Neutral	xxxxx	xxxxx	czerwony	red	hit	n/a
62.3209	n/a	RESPONSE	n/a	n/a	n/a	n/a	n/a	n/a	n/a	red
62.3533	1.0167	ITI	n/a	n/a	n/a	n/a	n/a	n/a	n/a	n/a
63.3699	0.5167	FIXCROSS	n/a	n/a	n/a	n/a	n/a	n/a	n/a	n/a
63.8866	0.6	INK	11	Neutral	xxxxx	xxxxx	zielony	green	hit	n/a
64.4643	n/a	RESPONSE	n/a	n/a	n/a	n/a	n/a	n/a	n/a	green
64.4866	1.0167	ITI	n/a	n/a	n/a	n/a	n/a	n/a	n/a	n/a
65.5033	0.5167	FIXCROSS	n/a	n/a	n/a	n/a	n/a	n/a	n/a	n/a
66.0199	0.5833	INK	12	Incongruent	żółty	yellow	zielony	green	hit	n/a
66.5759	n/a	RESPONSE	n/a	n/a	n/a	n/a	n/a	n/a	n/a	green
66.6033	1.0167	ITI	n/a	n/a	n/a	n/a	n/a	n/a	n/a	n/a
67.62	0.5167	FIXCROSS	n/a	n/a	n/a	n/a	n/a	n/a	n/a	n/a
68.1366	0.4167	INK	13	Neutral	xxxxxxxx	xxxxxxxx	niebieski	blue	hit	n/a
68.5274	n/a	RESPONSE	n/a	n/a	n/a	n/a	n/a	n/a	n/a	blue
68.5533	1.0167	ITI	n/a	n/a	n/a	n/a	n/a	n/a	n/a	n/a
69.57	0.5167	FIXCROSS	n/a	n/a	n/a	n/a	n/a	n/a	n/a	n/a
70.0866	0.6	INK	14	Incongruent	niebieski	blue	czerwony	red	hit	n/a
70.6549	n/a	RESPONSE	n/a	n/a	n/a	n/a	n/a	n/a	n/a	red
70.6867	1.0167	ITI	n/a	n/a	n/a	n/a	n/a	n/a	n/a	n/a
71.7033	0.5167	FIXCROSS	n/a	n/a	n/a	n/a	n/a	n/a	n/a	n/a
72.22	0.5333	INK	15	Incongruent	czerwony	red	zielony	green	hit	n/a
72.7344	n/a	RESPONSE	n/a	n/a	n/a	n/a	n/a	n/a	n/a	green
72.7533	1.0167	ITI	n/a	n/a	n/a	n/a	n/a	n/a	n/a	n/a
73.77	0.5167	FIXCROSS	n/a	n/a	n/a	n/a	n/a	n/a	n/a	n/a
74.2867	0.7833	INK	16	Incongruent	żółty	yellow	niebieski	blue	hit	n/a
75.0378	n/a	RESPONSE	n/a	n/a	n/a	n/a	n/a	n/a	n/a	blue
75.07	1.0167	ITI	n/a	n/a	n/a	n/a	n/a	n/a	n/a	n/a
76.0867	0.5167	FIXCROSS	n/a	n/a	n/a	n/a	n/a	n/a	n/a	n/a
76.6034	0.6	INK	17	Neutral	xxxxxxxxx	xxxxxxxxx	zielony	green	hit	n/a
77.1813	n/a	RESPONSE	n/a	n/a	n/a	n/a	n/a	n/a	n/a	green
77.2034	1.0167	ITI	n/a	n/a	n/a	n/a	n/a	n/a	n/a	n/a
78.22	0.5167	FIXCROSS	n/a	n/a	n/a	n/a	n/a	n/a	n/a	n/a
78.7367	0.4167	INK	18	Neutral	xxxxxxxx	xxxxxxxx	żółty	yellow	hit	n/a
79.1329	n/a	RESPONSE	n/a	n/a	n/a	n/a	n/a	n/a	n/a	yellow
79.1534	1.0167	ITI	n/a	n/a	n/a	n/a	n/a	n/a	n/a	n/a
80.1701	0.5167	FIXCROSS	n/a	n/a	n/a	n/a	n/a	n/a	n/a	n/a
80.6867	0.4833	INK	19	Neutral	xxxxxxxx	xxxxxxxx	niebieski	blue	hit	n/a
81.1484	n/a	RESPONSE	n/a	n/a	n/a	n/a	n/a	n/a	n/a	blue
81.1701	1.0167	ITI	n/a	n/a	n/a	n/a	n/a	n/a	n/a	n/a
82.1867	0.5167	FIXCROSS	n/a	n/a	n/a	n/a	n/a	n/a	n/a	n/a
82.7034	0.55	INK	20	Incongruent	czerwony	red	niebieski	blue	hit	n/a
83.2279	n/a	RESPONSE	n/a	n/a	n/a	n/a	n/a	n/a	n/a	blue
83.2534	1.0167	ITI	n/a	n/a	n/a	n/a	n/a	n/a	n/a	n/a
84.2701	0.5167	FIXCROSS	n/a	n/a	n/a	n/a	n/a	n/a	n/a	n/a
84.7867	0.4667	INK	21	Incongruent	zielony	green	czerwony	red	hit	n/a
85.2274	n/a	RESPONSE	n/a	n/a	n/a	n/a	n/a	n/a	n/a	red
85.2534	1.0167	ITI	n/a	n/a	n/a	n/a	n/a	n/a	n/a	n/a
86.2701	0.5167	FIXCROSS	n/a	n/a	n/a	n/a	n/a	n/a	n/a	n/a
86.7868	0.6167	INK	22	Incongruent	zielony	green	czerwony	red	hit	n/a
87.3708	n/a	RESPONSE	n/a	n/a	n/a	n/a	n/a	n/a	n/a	red
87.4034	1.0167	ITI	n/a	n/a	n/a	n/a	n/a	n/a	n/a	n/a
88.4201	0.5167	FIXCROSS	n/a	n/a	n/a	n/a	n/a	n/a	n/a	n/a
88.9368	0.75	INK	23	Incongruent	niebieski	blue	zielony	green	hit	n/a
89.6583	n/a	RESPONSE	n/a	n/a	n/a	n/a	n/a	n/a	n/a	green
89.6868	1.0167	ITI	n/a	n/a	n/a	n/a	n/a	n/a	n/a	n/a
90.7035	0.5167	FIXCROSS	n/a	n/a	n/a	n/a	n/a	n/a	n/a	n/a
91.2201	0.5167	INK	24	Neutral	xxxxxxx	xxxxxxx	niebieski	blue	hit	n/a
91.7058	n/a	RESPONSE	n/a	n/a	n/a	n/a	n/a	n/a	n/a	blue
91.7368	1.0167	ITI	n/a	n/a	n/a	n/a	n/a	n/a	n/a	n/a
92.7535	0.5167	FIXCROSS	n/a	n/a	n/a	n/a	n/a	n/a	n/a	n/a
93.2702	0.65	INK	25	Incongruent	czerwony	red	żółty	yellow	hit	n/a
93.8973	n/a	RESPONSE	n/a	n/a	n/a	n/a	n/a	n/a	n/a	yellow
93.9201	1.0167	ITI	n/a	n/a	n/a	n/a	n/a	n/a	n/a	n/a
94.9368	0.5167	FIXCROSS	n/a	n/a	n/a	n/a	n/a	n/a	n/a	n/a
95.4535	0.5	INK	26	Neutral	xxxxxxxx	xxxxxxxx	żółty	yellow	incorrect	n/a
95.9288	n/a	RESPONSE	n/a	n/a	n/a	n/a	n/a	n/a	n/a	green
95.9535	1.0167	ITI	n/a	n/a	n/a	n/a	n/a	n/a	n/a	n/a
95.9768	n/a	RESPONSE	n/a	n/a	n/a	n/a	n/a	n/a	n/a	yellow
96.9702	0.5167	FIXCROSS	n/a	n/a	n/a	n/a	n/a	n/a	n/a	n/a
97.4868	0.6167	INK	27	Neutral	xxxxxxx	xxxxxxx	czerwony	red	hit	n/a
98.0722	n/a	RESPONSE	n/a	n/a	n/a	n/a	n/a	n/a	n/a	red
98.1035	1.0167	ITI	n/a	n/a	n/a	n/a	n/a	n/a	n/a	n/a
99.1202	0.5167	FIXCROSS	n/a	n/a	n/a	n/a	n/a	n/a	n/a	n/a
99.6369	0.45	INK	28	Neutral	xxxxx	xxxxx	niebieski	blue	hit	n/a
100.0558	n/a	RESPONSE	n/a	n/a	n/a	n/a	n/a	n/a	n/a	blue
100.0869	1.0167	ITI	n/a	n/a	n/a	n/a	n/a	n/a	n/a	n/a
101.1035	0.5167	FIXCROSS	n/a	n/a	n/a	n/a	n/a	n/a	n/a	n/a
101.6202	0.5167	INK	29	Incongruent	niebieski	blue	żółty	yellow	hit	n/a
102.1193	n/a	RESPONSE	n/a	n/a	n/a	n/a	n/a	n/a	n/a	yellow
102.1369	1.0167	ITI	n/a	n/a	n/a	n/a	n/a	n/a	n/a	n/a
103.1535	0.5167	FIXCROSS	n/a	n/a	n/a	n/a	n/a	n/a	n/a	n/a
103.6702	0.95	INK	30	Neutral	xxxxxxxx	xxxxxxxx	zielony	green	hit	n/a
104.5987	n/a	RESPONSE	n/a	n/a	n/a	n/a	n/a	n/a	n/a	green
104.6202	1.0166	ITI	n/a	n/a	n/a	n/a	n/a	n/a	n/a	n/a
105.6369	0.5167	FIXCROSS	n/a	n/a	n/a	n/a	n/a	n/a	n/a	n/a
106.1536	0.7333	INK	31	Neutral	xxxxx	xxxxx	zielony	green	hit	n/a
106.8541	n/a	RESPONSE	n/a	n/a	n/a	n/a	n/a	n/a	n/a	green
106.8869	1.0167	ITI	n/a	n/a	n/a	n/a	n/a	n/a	n/a	n/a
107.9036	0.5167	FIXCROSS	n/a	n/a	n/a	n/a	n/a	n/a	n/a	n/a
108.4203	0.5667	INK	32	Incongruent	niebieski	blue	żółty	yellow	hit	n/a
108.9656	n/a	RESPONSE	n/a	n/a	n/a	n/a	n/a	n/a	n/a	yellow
108.9869	1.0167	ITI	n/a	n/a	n/a	n/a	n/a	n/a	n/a	n/a
110.0036	0.5167	FIXCROSS	n/a	n/a	n/a	n/a	n/a	n/a	n/a	n/a
110.5203	0.6	INK	33	Incongruent	niebieski	blue	czerwony	red	hit	n/a
111.0931	n/a	RESPONSE	n/a	n/a	n/a	n/a	n/a	n/a	n/a	red
111.1203	1.0167	ITI	n/a	n/a	n/a	n/a	n/a	n/a	n/a	n/a
112.1369	0.5167	FIXCROSS	n/a	n/a	n/a	n/a	n/a	n/a	n/a	n/a
112.6536	0.5167	INK	34	Incongruent	żółty	yellow	niebieski	blue	hit	n/a
113.1406	n/a	RESPONSE	n/a	n/a	n/a	n/a	n/a	n/a	n/a	blue
113.1703	1.0167	ITI	n/a	n/a	n/a	n/a	n/a	n/a	n/a	n/a
114.187	0.5167	FIXCROSS	n/a	n/a	n/a	n/a	n/a	n/a	n/a	n/a
114.7036	0.5833	INK	35	Neutral	xxxxxxx	xxxxxxx	żółty	yellow	incorrect	n/a
115.2681	n/a	RESPONSE	n/a	n/a	n/a	n/a	n/a	n/a	n/a	green
115.287	1.0167	ITI	n/a	n/a	n/a	n/a	n/a	n/a	n/a	n/a
116.3036	0.5167	FIXCROSS	n/a	n/a	n/a	n/a	n/a	n/a	n/a	n/a
116.8203	0.65	INK	36	Incongruent	czerwony	red	zielony	green	hit	n/a
117.4436	n/a	RESPONSE	n/a	n/a	n/a	n/a	n/a	n/a	n/a	green
117.4703	1.0167	ITI	n/a	n/a	n/a	n/a	n/a	n/a	n/a	n/a
118.487	0.5167	FIXCROSS	n/a	n/a	n/a	n/a	n/a	n/a	n/a	n/a
119.0037	0.6167	INK	37	Neutral	xxxxxxx	xxxxxxx	niebieski	blue	hit	n/a
119.6031	n/a	RESPONSE	n/a	n/a	n/a	n/a	n/a	n/a	n/a	blue
119.6203	1.0167	ITI	n/a	n/a	n/a	n/a	n/a	n/a	n/a	n/a
120.637	0.5167	FIXCROSS	n/a	n/a	n/a	n/a	n/a	n/a	n/a	n/a
121.1537	0.45	INK	38	Neutral	xxxxxxxxx	xxxxxxxxx	czerwony	red	hit	n/a
121.5706	n/a	RESPONSE	n/a	n/a	n/a	n/a	n/a	n/a	n/a	red
121.6037	1.0167	ITI	n/a	n/a	n/a	n/a	n/a	n/a	n/a	n/a
122.6203	0.5167	FIXCROSS	n/a	n/a	n/a	n/a	n/a	n/a	n/a	n/a
123.137	0.4833	INK	39	Neutral	xxxxxxx	xxxxxxx	żółty	yellow	hit	n/a
123.6021	n/a	RESPONSE	n/a	n/a	n/a	n/a	n/a	n/a	n/a	yellow
123.6204	1.0167	ITI	n/a	n/a	n/a	n/a	n/a	n/a	n/a	n/a
124.637	0.5167	FIXCROSS	n/a	n/a	n/a	n/a	n/a	n/a	n/a	n/a
125.1537	0.6667	INK	40	Neutral	xxxxxxx	xxxxxxx	niebieski	blue	hit	n/a
125.7936	n/a	RESPONSE	n/a	n/a	n/a	n/a	n/a	n/a	n/a	blue
125.8204	1.0167	ITI	n/a	n/a	n/a	n/a	n/a	n/a	n/a	n/a
126.837	0.5167	FIXCROSS	n/a	n/a	n/a	n/a	n/a	n/a	n/a	n/a
127.3537	0.9833	INK	41	Incongruent	zielony	green	niebieski	blue	hit	n/a
128.305	n/a	RESPONSE	n/a	n/a	n/a	n/a	n/a	n/a	n/a	blue
128.3371	1.0167	ITI	n/a	n/a	n/a	n/a	n/a	n/a	n/a	n/a
129.3537	0.5167	FIXCROSS	n/a	n/a	n/a	n/a	n/a	n/a	n/a	n/a
129.8704	0.6167	INK	42	Incongruent	czerwony	red	żółty	yellow	hit	n/a
130.4644	n/a	RESPONSE	n/a	n/a	n/a	n/a	n/a	n/a	n/a	yellow
130.4871	1.0167	ITI	n/a	n/a	n/a	n/a	n/a	n/a	n/a	n/a
131.5038	0.5167	FIXCROSS	n/a	n/a	n/a	n/a	n/a	n/a	n/a	n/a
132.0204	0.6	INK	43	Neutral	xxxxxxx	xxxxxxx	czerwony	red	hit	n/a
132.5919	n/a	RESPONSE	n/a	n/a	n/a	n/a	n/a	n/a	n/a	red
132.6204	1.0167	ITI	n/a	n/a	n/a	n/a	n/a	n/a	n/a	n/a
133.6371	0.5167	FIXCROSS	n/a	n/a	n/a	n/a	n/a	n/a	n/a	n/a
134.1538	0.8833	INK	44	Incongruent	czerwony	red	żółty	yellow	incorrect	n/a
135.0073	n/a	RESPONSE	n/a	n/a	n/a	n/a	n/a	n/a	n/a	red
135.0371	1.0167	ITI	n/a	n/a	n/a	n/a	n/a	n/a	n/a	n/a
136.0538	0.5167	FIXCROSS	n/a	n/a	n/a	n/a	n/a	n/a	n/a	n/a
136.5705	0.65	INK	45	Neutral	xxxxx	xxxxx	zielony	green	hit	n/a
137.1988	n/a	RESPONSE	n/a	n/a	n/a	n/a	n/a	n/a	n/a	green
137.2204	1.0167	ITI	n/a	n/a	n/a	n/a	n/a	n/a	n/a	n/a
138.2371	0.5167	FIXCROSS	n/a	n/a	n/a	n/a	n/a	n/a	n/a	n/a
138.7538	0.5833	INK	46	Incongruent	czerwony	red	niebieski	blue	hit	n/a
139.3104	n/a	RESPONSE	n/a	n/a	n/a	n/a	n/a	n/a	n/a	blue
139.3371	1.0167	ITI	n/a	n/a	n/a	n/a	n/a	n/a	n/a	n/a
140.3538	0.5167	FIXCROSS	n/a	n/a	n/a	n/a	n/a	n/a	n/a	n/a
140.8705	0.5167	INK	47	Incongruent	czerwony	red	niebieski	blue	hit	n/a
141.3578	n/a	RESPONSE	n/a	n/a	n/a	n/a	n/a	n/a	n/a	blue
141.3872	1.0167	ITI	n/a	n/a	n/a	n/a	n/a	n/a	n/a	n/a
142.4038	0.5167	FIXCROSS	n/a	n/a	n/a	n/a	n/a	n/a	n/a	n/a
142.9205	0.5667	INK	48	Incongruent	zielony	green	żółty	yellow	hit	n/a
143.4694	n/a	RESPONSE	n/a	n/a	n/a	n/a	n/a	n/a	n/a	yellow
143.4872	1.0167	ITI	n/a	n/a	n/a	n/a	n/a	n/a	n/a	n/a
144.5038	0.5167	FIXCROSS	n/a	n/a	n/a	n/a	n/a	n/a	n/a	n/a
145.0205	0.55	INK	49	Neutral	xxxxx	xxxxx	niebieski	blue	incorrect	n/a
145.5488	n/a	RESPONSE	n/a	n/a	n/a	n/a	n/a	n/a	n/a	red
145.5705	1.0167	ITI	n/a	n/a	n/a	n/a	n/a	n/a	n/a	n/a
146.5872	0.5167	FIXCROSS	n/a	n/a	n/a	n/a	n/a	n/a	n/a	n/a
147.1039	0.6	INK	50	Neutral	xxxxxxxxx	xxxxxxxxx	czerwony	red	hit	n/a
147.6763	n/a	RESPONSE	n/a	n/a	n/a	n/a	n/a	n/a	n/a	red
147.7039	1.0167	ITI	n/a	n/a	n/a	n/a	n/a	n/a	n/a	n/a
148.7205	0.5167	FIXCROSS	n/a	n/a	n/a	n/a	n/a	n/a	n/a	n/a
149.2372	0.65	INK	51	Incongruent	zielony	green	żółty	yellow	hit	n/a
149.8677	n/a	RESPONSE	n/a	n/a	n/a	n/a	n/a	n/a	n/a	yellow
149.8872	1.0167	ITI	n/a	n/a	n/a	n/a	n/a	n/a	n/a	n/a
150.9039	0.5167	FIXCROSS	n/a	n/a	n/a	n/a	n/a	n/a	n/a	n/a
151.4205	0.7	INK	52	Neutral	xxxxxxxxx	xxxxxxxxx	zielony	green	hit	n/a
152.0912	n/a	RESPONSE	n/a	n/a	n/a	n/a	n/a	n/a	n/a	green
152.1206	1.0167	ITI	n/a	n/a	n/a	n/a	n/a	n/a	n/a	n/a
153.1372	0.5167	FIXCROSS	n/a	n/a	n/a	n/a	n/a	n/a	n/a	n/a
153.6539	0.7167	INK	53	Incongruent	zielony	green	niebieski	blue	hit	n/a
154.3466	n/a	RESPONSE	n/a	n/a	n/a	n/a	n/a	n/a	n/a	blue
154.3706	1.0167	ITI	n/a	n/a	n/a	n/a	n/a	n/a	n/a	n/a
155.3872	0.5167	FIXCROSS	n/a	n/a	n/a	n/a	n/a	n/a	n/a	n/a
155.9039	0.5667	INK	54	Neutral	xxxxxxxxx	xxxxxxxxx	żółty	yellow	hit	n/a
156.4422	n/a	RESPONSE	n/a	n/a	n/a	n/a	n/a	n/a	n/a	yellow
156.4706	1.0167	ITI	n/a	n/a	n/a	n/a	n/a	n/a	n/a	n/a
157.4873	0.5167	FIXCROSS	n/a	n/a	n/a	n/a	n/a	n/a	n/a	n/a
158.0039	0.6667	INK	55	Incongruent	niebieski	blue	zielony	green	hit	n/a
158.6496	n/a	RESPONSE	n/a	n/a	n/a	n/a	n/a	n/a	n/a	green
158.6706	1.0167	ITI	n/a	n/a	n/a	n/a	n/a	n/a	n/a	n/a
159.6873	0.5167	FIXCROSS	n/a	n/a	n/a	n/a	n/a	n/a	n/a	n/a
160.2039	0.5667	INK	56	Incongruent	żółty	yellow	niebieski	blue	hit	n/a
160.7451	n/a	RESPONSE	n/a	n/a	n/a	n/a	n/a	n/a	n/a	blue
160.7706	1.0167	ITI	n/a	n/a	n/a	n/a	n/a	n/a	n/a	n/a
161.7873	0.5167	FIXCROSS	n/a	n/a	n/a	n/a	n/a	n/a	n/a	n/a
162.304	0.8333	INK	57	Neutral	xxxxxxx	xxxxxxx	żółty	yellow	hit	n/a
163.1126	n/a	RESPONSE	n/a	n/a	n/a	n/a	n/a	n/a	n/a	yellow
163.1373	1.0167	ITI	n/a	n/a	n/a	n/a	n/a	n/a	n/a	n/a
164.154	0.5167	FIXCROSS	n/a	n/a	n/a	n/a	n/a	n/a	n/a	n/a
164.6706	0.5833	INK	58	Incongruent	żółty	yellow	zielony	green	hit	n/a
165.2241	n/a	RESPONSE	n/a	n/a	n/a	n/a	n/a	n/a	n/a	green
165.254	1.0167	ITI	n/a	n/a	n/a	n/a	n/a	n/a	n/a	n/a
166.2707	0.5167	FIXCROSS	n/a	n/a	n/a	n/a	n/a	n/a	n/a	n/a
166.7873	0.6333	INK	59	Incongruent	żółty	yellow	czerwony	red	hit	n/a
167.3995	n/a	RESPONSE	n/a	n/a	n/a	n/a	n/a	n/a	n/a	red
167.4207	1.0167	ITI	n/a	n/a	n/a	n/a	n/a	n/a	n/a	n/a
168.4373	0.5167	FIXCROSS	n/a	n/a	n/a	n/a	n/a	n/a	n/a	n/a
168.954	0.5833	INK	60	Neutral	xxxxx	xxxxx	czerwony	red	hit	n/a
169.511	n/a	RESPONSE	n/a	n/a	n/a	n/a	n/a	n/a	n/a	red
169.5373	1.0167	ITI	n/a	n/a	n/a	n/a	n/a	n/a	n/a	n/a
170.554	0.5167	FIXCROSS	n/a	n/a	n/a	n/a	n/a	n/a	n/a	n/a
171.0707	0.5667	INK	61	Neutral	xxxxxxxx	xxxxxxxx	niebieski	blue	hit	n/a
171.6065	n/a	RESPONSE	n/a	n/a	n/a	n/a	n/a	n/a	n/a	blue
171.6374	1.0167	ITI	n/a	n/a	n/a	n/a	n/a	n/a	n/a	n/a
172.654	0.5167	FIXCROSS	n/a	n/a	n/a	n/a	n/a	n/a	n/a	n/a
173.1707	0.4667	INK	62	Incongruent	zielony	green	niebieski	blue	hit	n/a
173.606	n/a	RESPONSE	n/a	n/a	n/a	n/a	n/a	n/a	n/a	blue
173.6374	1.0167	ITI	n/a	n/a	n/a	n/a	n/a	n/a	n/a	n/a
174.6541	0.5167	FIXCROSS	n/a	n/a	n/a	n/a	n/a	n/a	n/a	n/a
175.1707	0.8667	INK	63	Neutral	xxxxxxxxx	xxxxxxxxx	zielony	green	hit	n/a
176.0054	n/a	RESPONSE	n/a	n/a	n/a	n/a	n/a	n/a	n/a	green
176.0374	1.0167	ITI	n/a	n/a	n/a	n/a	n/a	n/a	n/a	n/a
177.0541	0.5167	FIXCROSS	n/a	n/a	n/a	n/a	n/a	n/a	n/a	n/a
177.5707	0.55	INK	64	Incongruent	niebieski	blue	żółty	yellow	hit	n/a
178.1009	n/a	RESPONSE	n/a	n/a	n/a	n/a	n/a	n/a	n/a	yellow
178.1207	1.0167	ITI	n/a	n/a	n/a	n/a	n/a	n/a	n/a	n/a
179.1374	0.5167	FIXCROSS	n/a	n/a	n/a	n/a	n/a	n/a	n/a	n/a
179.6541	0.9167	INK	65	Incongruent	zielony	green	żółty	yellow	incorrect	n/a
180.5483	n/a	RESPONSE	n/a	n/a	n/a	n/a	n/a	n/a	n/a	green
180.5708	1.0167	ITI	n/a	n/a	n/a	n/a	n/a	n/a	n/a	n/a
181.5874	0.5167	FIXCROSS	n/a	n/a	n/a	n/a	n/a	n/a	n/a	n/a
182.1041	0.6667	INK	66	Incongruent	niebieski	blue	czerwony	red	hit	n/a
182.7399	n/a	RESPONSE	n/a	n/a	n/a	n/a	n/a	n/a	n/a	red
182.7708	1.0167	ITI	n/a	n/a	n/a	n/a	n/a	n/a	n/a	n/a
183.7874	0.5167	FIXCROSS	n/a	n/a	n/a	n/a	n/a	n/a	n/a	n/a
184.3041	0.7167	INK	67	Neutral	xxxxxxxx	xxxxxxxx	żółty	yellow	hit	n/a
184.9953	n/a	RESPONSE	n/a	n/a	n/a	n/a	n/a	n/a	n/a	yellow
185.0208	1.0167	ITI	n/a	n/a	n/a	n/a	n/a	n/a	n/a	n/a
186.0375	0.5167	FIXCROSS	n/a	n/a	n/a	n/a	n/a	n/a	n/a	n/a
186.5541	0.6667	INK	68	Incongruent	żółty	yellow	zielony	green	hit	n/a
187.2027	n/a	RESPONSE	n/a	n/a	n/a	n/a	n/a	n/a	n/a	green
187.2208	1.0167	ITI	n/a	n/a	n/a	n/a	n/a	n/a	n/a	n/a
188.2375	0.5167	FIXCROSS	n/a	n/a	n/a	n/a	n/a	n/a	n/a	n/a
188.7541	0.55	INK	69	Neutral	xxxxx	xxxxx	czerwony	red	hit	n/a
189.2822	n/a	RESPONSE	n/a	n/a	n/a	n/a	n/a	n/a	n/a	red
189.3041	1.0167	ITI	n/a	n/a	n/a	n/a	n/a	n/a	n/a	n/a
190.3208	0.5167	FIXCROSS	n/a	n/a	n/a	n/a	n/a	n/a	n/a	n/a
190.8375	0.4334	INK	70	Incongruent	zielony	green	czerwony	red	hit	n/a
191.2498	n/a	RESPONSE	n/a	n/a	n/a	n/a	n/a	n/a	n/a	red
191.2708	1.0167	ITI	n/a	n/a	n/a	n/a	n/a	n/a	n/a	n/a
192.2875	0.5167	FIXCROSS	n/a	n/a	n/a	n/a	n/a	n/a	n/a	n/a
192.8042	0.75	INK	71	Incongruent	czerwony	red	zielony	green	hit	n/a
193.5212	n/a	RESPONSE	n/a	n/a	n/a	n/a	n/a	n/a	n/a	green
193.5542	1.0167	ITI	n/a	n/a	n/a	n/a	n/a	n/a	n/a	n/a
194.5708	0.5167	FIXCROSS	n/a	n/a	n/a	n/a	n/a	n/a	n/a	n/a
195.0875	0.5333	INK	72	Neutral	xxxxxxxx	xxxxxxxx	zielony	green	hit	n/a
195.6007	n/a	RESPONSE	n/a	n/a	n/a	n/a	n/a	n/a	n/a	green
195.6209	1.0833	ITI	n/a	n/a	n/a	n/a	n/a	n/a	n/a	n/a
201.9032	n/a	RESPONSE	n/a	n/a	n/a	n/a	n/a	n/a	n/a	n/a
201.9376	1.0	ITI	n/a	n/a	n/a	n/a	n/a	n/a	n/a	n/a
202.9376	0.5	FIXCROSS	n/a	n/a	n/a	n/a	n/a	n/a	n/a	n/a
203.4376	0.7167	T_COLOR_NAME	1	Neutral	niebieski	blue	Neutral	Neutral	hit	n/a
204.1426	n/a	RESPONSE	n/a	n/a	n/a	n/a	n/a	n/a	n/a	blue
204.1543	0.5167	FEEDBACK	n/a	n/a	n/a	n/a	n/a	n/a	n/a	n/a
204.6709	1.0167	ITI	n/a	n/a	n/a	n/a	n/a	n/a	n/a	n/a
205.6876	0.5167	FIXCROSS	n/a	n/a	n/a	n/a	n/a	n/a	n/a	n/a
206.2043	0.75	T_COLOR_NAME	2	Incongruent	zielony	green	niebieski	blue	hit	n/a
206.926	n/a	RESPONSE	n/a	n/a	n/a	n/a	n/a	n/a	n/a	green
206.9543	0.5167	FEEDBACK	n/a	n/a	n/a	n/a	n/a	n/a	n/a	n/a
207.4709	1.0167	ITI	n/a	n/a	n/a	n/a	n/a	n/a	n/a	n/a
208.4876	0.5167	FIXCROSS	n/a	n/a	n/a	n/a	n/a	n/a	n/a	n/a
209.0043	0.7667	T_COLOR_NAME	3	Incongruent	niebieski	blue	czerwony	red	incorrect	n/a
209.7413	n/a	RESPONSE	n/a	n/a	n/a	n/a	n/a	n/a	n/a	green
209.771	0.5167	FEEDBACK	n/a	n/a	n/a	n/a	n/a	n/a	n/a	n/a
210.2876	1.0167	ITI	n/a	n/a	n/a	n/a	n/a	n/a	n/a	n/a
211.3043	0.5167	FIXCROSS	n/a	n/a	n/a	n/a	n/a	n/a	n/a	n/a
211.821	0.9333	T_COLOR_NAME	4	Incongruent	niebieski	blue	zielony	green	hit	n/a
212.7326	n/a	RESPONSE	n/a	n/a	n/a	n/a	n/a	n/a	n/a	blue
212.7543	0.5167	FEEDBACK	n/a	n/a	n/a	n/a	n/a	n/a	n/a	n/a
213.271	1.0167	ITI	n/a	n/a	n/a	n/a	n/a	n/a	n/a	n/a
214.2877	0.5167	FIXCROSS	n/a	n/a	n/a	n/a	n/a	n/a	n/a	n/a
214.8043	0.7	T_COLOR_NAME	5	Incongruent	czerwony	red	niebieski	blue	hit	n/a
215.4839	n/a	RESPONSE	n/a	n/a	n/a	n/a	n/a	n/a	n/a	red
215.5043	0.5167	FEEDBACK	n/a	n/a	n/a	n/a	n/a	n/a	n/a	n/a
216.021	1.0167	ITI	n/a	n/a	n/a	n/a	n/a	n/a	n/a	n/a
217.0377	0.5167	FIXCROSS	n/a	n/a	n/a	n/a	n/a	n/a	n/a	n/a
217.5543	0.6	T_COLOR_NAME	6	Neutral	zielony	green	Neutral	Neutral	hit	n/a
218.1233	n/a	RESPONSE	n/a	n/a	n/a	n/a	n/a	n/a	n/a	green
218.1544	0.5167	FEEDBACK	n/a	n/a	n/a	n/a	n/a	n/a	n/a	n/a
218.671	1.0167	ITI	n/a	n/a	n/a	n/a	n/a	n/a	n/a	n/a
219.6877	0.5167	FIXCROSS	n/a	n/a	n/a	n/a	n/a	n/a	n/a	n/a
220.2044	0.7667	T_COLOR_NAME	7	Neutral	niebieski	blue	Neutral	Neutral	hit	n/a
220.9386	n/a	RESPONSE	n/a	n/a	n/a	n/a	n/a	n/a	n/a	blue
220.971	0.5167	FEEDBACK	n/a	n/a	n/a	n/a	n/a	n/a	n/a	n/a
221.4877	1.0167	ITI	n/a	n/a	n/a	n/a	n/a	n/a	n/a	n/a
222.5044	0.5167	FIXCROSS	n/a	n/a	n/a	n/a	n/a	n/a	n/a	n/a
223.0211	0.6	T_COLOR_NAME	8	Neutral	czerwony	red	Neutral	Neutral	hit	n/a
223.594	n/a	RESPONSE	n/a	n/a	n/a	n/a	n/a	n/a	n/a	red
223.621	0.5167	FEEDBACK	n/a	n/a	n/a	n/a	n/a	n/a	n/a	n/a
224.1377	1.0167	ITI	n/a	n/a	n/a	n/a	n/a	n/a	n/a	n/a
225.1544	0.5167	FIXCROSS	n/a	n/a	n/a	n/a	n/a	n/a	n/a	n/a
225.6711	0.8667	T_COLOR_NAME	9	Incongruent	zielony	green	czerwony	red	hit	n/a
226.5052	n/a	RESPONSE	n/a	n/a	n/a	n/a	n/a	n/a	n/a	green
226.5377	0.5167	FEEDBACK	n/a	n/a	n/a	n/a	n/a	n/a	n/a	n/a
227.0544	1.0167	ITI	n/a	n/a	n/a	n/a	n/a	n/a	n/a	n/a
228.0711	0.5167	FIXCROSS	n/a	n/a	n/a	n/a	n/a	n/a	n/a	n/a
228.5878	0.6667	T_COLOR_NAME	10	Neutral	zielony	green	Neutral	Neutral	hit	n/a
229.2246	n/a	RESPONSE	n/a	n/a	n/a	n/a	n/a	n/a	n/a	green
229.2544	0.5167	FEEDBACK	n/a	n/a	n/a	n/a	n/a	n/a	n/a	n/a
229.7711	1.0167	ITI	n/a	n/a	n/a	n/a	n/a	n/a	n/a	n/a
230.7878	0.5167	FIXCROSS	n/a	n/a	n/a	n/a	n/a	n/a	n/a	n/a
231.3044	0.8667	T_COLOR_NAME	11	Neutral	żółty	yellow	Neutral	Neutral	hit	n/a
232.1359	n/a	RESPONSE	n/a	n/a	n/a	n/a	n/a	n/a	n/a	yellow
232.1711	0.5167	FEEDBACK	n/a	n/a	n/a	n/a	n/a	n/a	n/a	n/a
232.6878	1.0167	ITI	n/a	n/a	n/a	n/a	n/a	n/a	n/a	n/a
233.7045	0.5167	FIXCROSS	n/a	n/a	n/a	n/a	n/a	n/a	n/a	n/a
234.2211	0.55	T_COLOR_NAME	12	Neutral	żółty	yellow	Neutral	Neutral	hit	n/a
234.7432	n/a	RESPONSE	n/a	n/a	n/a	n/a	n/a	n/a	n/a	yellow
234.7711	0.5167	FEEDBACK	n/a	n/a	n/a	n/a	n/a	n/a	n/a	n/a
235.2878	1.0333	ITI	n/a	n/a	n/a	n/a	n/a	n/a	n/a	n/a
238.7423	n/a	RESPONSE	n/a	n/a	n/a	n/a	n/a	n/a	n/a	n/a
238.8045	1.0167	ITI	n/a	n/a	n/a	n/a	n/a	n/a	n/a	n/a
239.8212	0.5167	FIXCROSS	n/a	n/a	n/a	n/a	n/a	n/a	n/a	n/a
240.3378	0.85	COLOR_NAME	1	Neutral	zielony	green	Neutral	Neutral	hit	n/a
241.1577	n/a	RESPONSE	n/a	n/a	n/a	n/a	n/a	n/a	n/a	green
241.1878	1.0167	ITI	n/a	n/a	n/a	n/a	n/a	n/a	n/a	n/a
242.2045	0.5167	FIXCROSS	n/a	n/a	n/a	n/a	n/a	n/a	n/a	n/a
242.7212	0.6833	COLOR_NAME	2	Neutral	niebieski	blue	Neutral	Neutral	hit	n/a
243.3811	n/a	RESPONSE	n/a	n/a	n/a	n/a	n/a	n/a	n/a	blue
243.4045	1.0167	ITI	n/a	n/a	n/a	n/a	n/a	n/a	n/a	n/a
244.4212	0.5167	FIXCROSS	n/a	n/a	n/a	n/a	n/a	n/a	n/a	n/a
244.9379	0.7	COLOR_NAME	3	Incongruent	czerwony	red	zielony	green	hit	n/a
245.6206	n/a	RESPONSE	n/a	n/a	n/a	n/a	n/a	n/a	n/a	red
245.6379	1.0167	ITI	n/a	n/a	n/a	n/a	n/a	n/a	n/a	n/a
246.6546	0.5167	FIXCROSS	n/a	n/a	n/a	n/a	n/a	n/a	n/a	n/a
247.1712	0.65	COLOR_NAME	4	Neutral	żółty	yellow	Neutral	Neutral	hit	n/a
247.7961	n/a	RESPONSE	n/a	n/a	n/a	n/a	n/a	n/a	n/a	yellow
247.8212	1.0167	ITI	n/a	n/a	n/a	n/a	n/a	n/a	n/a	n/a
248.8379	0.5167	FIXCROSS	n/a	n/a	n/a	n/a	n/a	n/a	n/a	n/a
249.3546	0.7833	COLOR_NAME	5	Incongruent	zielony	green	żółty	yellow	hit	n/a
250.1155	n/a	RESPONSE	n/a	n/a	n/a	n/a	n/a	n/a	n/a	green
250.1379	1.0167	ITI	n/a	n/a	n/a	n/a	n/a	n/a	n/a	n/a
251.1546	0.5167	FIXCROSS	n/a	n/a	n/a	n/a	n/a	n/a	n/a	n/a
251.6712	0.5833	COLOR_NAME	6	Neutral	czerwony	red	Neutral	Neutral	hit	n/a
252.227	n/a	RESPONSE	n/a	n/a	n/a	n/a	n/a	n/a	n/a	red
252.2546	1.0167	ITI	n/a	n/a	n/a	n/a	n/a	n/a	n/a	n/a
253.2713	0.5167	FIXCROSS	n/a	n/a	n/a	n/a	n/a	n/a	n/a	n/a
253.7879	0.5167	COLOR_NAME	7	Incongruent	niebieski	blue	czerwony	red	hit	n/a
254.2745	n/a	RESPONSE	n/a	n/a	n/a	n/a	n/a	n/a	n/a	blue
254.3046	1.0167	ITI	n/a	n/a	n/a	n/a	n/a	n/a	n/a	n/a
255.3213	0.5167	FIXCROSS	n/a	n/a	n/a	n/a	n/a	n/a	n/a	n/a
255.838	0.7	COLOR_NAME	8	Incongruent	zielony	green	żółty	yellow	hit	n/a
256.514	n/a	RESPONSE	n/a	n/a	n/a	n/a	n/a	n/a	n/a	green
256.5379	1.0167	ITI	n/a	n/a	n/a	n/a	n/a	n/a	n/a	n/a
257.5546	0.5167	FIXCROSS	n/a	n/a	n/a	n/a	n/a	n/a	n/a	n/a
258.0713	0.9667	COLOR_NAME	9	Incongruent	niebieski	blue	żółty	yellow	hit	n/a
259.0094	n/a	RESPONSE	n/a	n/a	n/a	n/a	n/a	n/a	n/a	blue
259.038	1.0167	ITI	n/a	n/a	n/a	n/a	n/a	n/a	n/a	n/a
260.0546	0.5167	FIXCROSS	n/a	n/a	n/a	n/a	n/a	n/a	n/a	n/a
260.5713	0.7667	COLOR_NAME	10	Incongruent	zielony	green	czerwony	red	hit	n/a
261.3128	n/a	RESPONSE	n/a	n/a	n/a	n/a	n/a	n/a	n/a	green
261.338	1.0167	ITI	n/a	n/a	n/a	n/a	n/a	n/a	n/a	n/a
262.3547	0.5167	FIXCROSS	n/a	n/a	n/a	n/a	n/a	n/a	n/a	n/a
262.8713	0.6333	COLOR_NAME	11	Incongruent	żółty	yellow	czerwony	red	hit	n/a
263.4723	n/a	RESPONSE	n/a	n/a	n/a	n/a	n/a	n/a	n/a	yellow
263.5047	1.0167	ITI	n/a	n/a	n/a	n/a	n/a	n/a	n/a	n/a
264.5213	0.5167	FIXCROSS	n/a	n/a	n/a	n/a	n/a	n/a	n/a	n/a
265.038	0.7667	COLOR_NAME	12	Incongruent	żółty	yellow	zielony	green	hit	n/a
265.7758	n/a	RESPONSE	n/a	n/a	n/a	n/a	n/a	n/a	n/a	yellow
265.8047	1.0167	ITI	n/a	n/a	n/a	n/a	n/a	n/a	n/a	n/a
266.8214	0.5167	FIXCROSS	n/a	n/a	n/a	n/a	n/a	n/a	n/a	n/a
267.338	0.6667	COLOR_NAME	13	Neutral	niebieski	blue	Neutral	Neutral	hit	n/a
267.9832	n/a	RESPONSE	n/a	n/a	n/a	n/a	n/a	n/a	n/a	blue
268.0047	1.0167	ITI	n/a	n/a	n/a	n/a	n/a	n/a	n/a	n/a
269.0214	0.5167	FIXCROSS	n/a	n/a	n/a	n/a	n/a	n/a	n/a	n/a
269.538	0.8	COLOR_NAME	14	Incongruent	niebieski	blue	czerwony	red	hit	n/a
270.3187	n/a	RESPONSE	n/a	n/a	n/a	n/a	n/a	n/a	n/a	blue
270.338	1.0167	ITI	n/a	n/a	n/a	n/a	n/a	n/a	n/a	n/a
271.3547	0.5167	FIXCROSS	n/a	n/a	n/a	n/a	n/a	n/a	n/a	n/a
271.8714	0.5667	COLOR_NAME	15	Neutral	niebieski	blue	Neutral	Neutral	hit	n/a
272.4142	n/a	RESPONSE	n/a	n/a	n/a	n/a	n/a	n/a	n/a	blue
272.4381	1.0167	ITI	n/a	n/a	n/a	n/a	n/a	n/a	n/a	n/a
273.4547	0.5167	FIXCROSS	n/a	n/a	n/a	n/a	n/a	n/a	n/a	n/a
273.9714	0.7833	COLOR_NAME	16	Neutral	żółty	yellow	Neutral	Neutral	hit	n/a
274.7335	n/a	RESPONSE	n/a	n/a	n/a	n/a	n/a	n/a	n/a	yellow
274.7547	1.0167	ITI	n/a	n/a	n/a	n/a	n/a	n/a	n/a	n/a
275.7714	0.5167	FIXCROSS	n/a	n/a	n/a	n/a	n/a	n/a	n/a	n/a
276.2881	0.7333	COLOR_NAME	17	Neutral	zielony	green	Neutral	Neutral	hit	n/a
276.989	n/a	RESPONSE	n/a	n/a	n/a	n/a	n/a	n/a	n/a	green
277.0214	1.0167	ITI	n/a	n/a	n/a	n/a	n/a	n/a	n/a	n/a
278.0381	0.5167	FIXCROSS	n/a	n/a	n/a	n/a	n/a	n/a	n/a	n/a
278.5548	0.4833	COLOR_NAME	18	Incongruent	czerwony	red	niebieski	blue	hit	n/a
279.0045	n/a	RESPONSE	n/a	n/a	n/a	n/a	n/a	n/a	n/a	red
279.0381	1.0167	ITI	n/a	n/a	n/a	n/a	n/a	n/a	n/a	n/a
280.0548	0.5167	FIXCROSS	n/a	n/a	n/a	n/a	n/a	n/a	n/a	n/a
280.5715	0.7	COLOR_NAME	19	Incongruent	żółty	yellow	niebieski	blue	hit	n/a
281.244	n/a	RESPONSE	n/a	n/a	n/a	n/a	n/a	n/a	n/a	yellow
281.2715	1.0167	ITI	n/a	n/a	n/a	n/a	n/a	n/a	n/a	n/a
282.2881	0.5167	FIXCROSS	n/a	n/a	n/a	n/a	n/a	n/a	n/a	n/a
282.8048	0.75	COLOR_NAME	20	Incongruent	zielony	green	żółty	yellow	hit	n/a
283.5315	n/a	RESPONSE	n/a	n/a	n/a	n/a	n/a	n/a	n/a	green
283.5548	1.0167	ITI	n/a	n/a	n/a	n/a	n/a	n/a	n/a	n/a
284.5715	0.5167	FIXCROSS	n/a	n/a	n/a	n/a	n/a	n/a	n/a	n/a
285.0881	0.6167	COLOR_NAME	21	Neutral	żółty	yellow	Neutral	Neutral	hit	n/a
285.6749	n/a	RESPONSE	n/a	n/a	n/a	n/a	n/a	n/a	n/a	yellow
285.7048	1.0167	ITI	n/a	n/a	n/a	n/a	n/a	n/a	n/a	n/a
286.7215	0.5167	FIXCROSS	n/a	n/a	n/a	n/a	n/a	n/a	n/a	n/a
287.2382	0.8833	COLOR_NAME	22	Neutral	zielony	green	Neutral	Neutral	hit	n/a
288.0904	n/a	RESPONSE	n/a	n/a	n/a	n/a	n/a	n/a	n/a	green
288.1215	1.0167	ITI	n/a	n/a	n/a	n/a	n/a	n/a	n/a	n/a
289.1382	0.5167	FIXCROSS	n/a	n/a	n/a	n/a	n/a	n/a	n/a	n/a
289.6548	0.5667	COLOR_NAME	23	Incongruent	niebieski	blue	żółty	yellow	hit	n/a
290.2018	n/a	RESPONSE	n/a	n/a	n/a	n/a	n/a	n/a	n/a	blue
290.2215	1.0167	ITI	n/a	n/a	n/a	n/a	n/a	n/a	n/a	n/a
291.2382	0.5167	FIXCROSS	n/a	n/a	n/a	n/a	n/a	n/a	n/a	n/a
291.7549	0.6333	COLOR_NAME	24	Neutral	niebieski	blue	Neutral	Neutral	hit	n/a
292.3613	n/a	RESPONSE	n/a	n/a	n/a	n/a	n/a	n/a	n/a	blue
292.3882	1.0167	ITI	n/a	n/a	n/a	n/a	n/a	n/a	n/a	n/a
293.4049	0.5167	FIXCROSS	n/a	n/a	n/a	n/a	n/a	n/a	n/a	n/a
293.9215	0.4833	COLOR_NAME	25	Neutral	zielony	green	Neutral	Neutral	incorrect	n/a
294.3768	n/a	RESPONSE	n/a	n/a	n/a	n/a	n/a	n/a	n/a	blue
294.4049	1.0167	ITI	n/a	n/a	n/a	n/a	n/a	n/a	n/a	n/a
295.4216	0.5167	FIXCROSS	n/a	n/a	n/a	n/a	n/a	n/a	n/a	n/a
295.9382	0.8167	COLOR_NAME	26	Incongruent	żółty	yellow	niebieski	blue	hit	n/a
296.7282	n/a	RESPONSE	n/a	n/a	n/a	n/a	n/a	n/a	n/a	yellow
296.7549	1.0167	ITI	n/a	n/a	n/a	n/a	n/a	n/a	n/a	n/a
297.7716	0.5167	FIXCROSS	n/a	n/a	n/a	n/a	n/a	n/a	n/a	n/a
298.2882	0.6667	COLOR_NAME	27	Neutral	niebieski	blue	Neutral	Neutral	hit	n/a
298.9358	n/a	RESPONSE	n/a	n/a	n/a	n/a	n/a	n/a	n/a	blue
298.9549	1.0167	ITI	n/a	n/a	n/a	n/a	n/a	n/a	n/a	n/a
299.9716	0.5167	FIXCROSS	n/a	n/a	n/a	n/a	n/a	n/a	n/a	n/a
300.4883	0.6833	COLOR_NAME	28	Incongruent	żółty	yellow	zielony	green	hit	n/a
301.1432	n/a	RESPONSE	n/a	n/a	n/a	n/a	n/a	n/a	n/a	yellow
301.1716	1.0167	ITI	n/a	n/a	n/a	n/a	n/a	n/a	n/a	n/a
302.1883	0.5167	FIXCROSS	n/a	n/a	n/a	n/a	n/a	n/a	n/a	n/a
302.7049	0.5833	COLOR_NAME	29	Neutral	niebieski	blue	Neutral	Neutral	hit	n/a
303.2547	n/a	RESPONSE	n/a	n/a	n/a	n/a	n/a	n/a	n/a	blue
303.2883	1.0167	ITI	n/a	n/a	n/a	n/a	n/a	n/a	n/a	n/a
304.305	0.5167	FIXCROSS	n/a	n/a	n/a	n/a	n/a	n/a	n/a	n/a
304.8216	1.15	COLOR_NAME	30	Incongruent	zielony	green	niebieski	blue	hit	n/a
305.942	n/a	RESPONSE	n/a	n/a	n/a	n/a	n/a	n/a	n/a	green
305.9716	1.0167	ITI	n/a	n/a	n/a	n/a	n/a	n/a	n/a	n/a
306.9883	0.5167	FIXCROSS	n/a	n/a	n/a	n/a	n/a	n/a	n/a	n/a
307.505	0.7333	COLOR_NAME	31	Neutral	niebieski	blue	Neutral	Neutral	hit	n/a
308.2135	n/a	RESPONSE	n/a	n/a	n/a	n/a	n/a	n/a	n/a	blue
308.2383	1.0167	ITI	n/a	n/a	n/a	n/a	n/a	n/a	n/a	n/a
309.255	0.5167	FIXCROSS	n/a	n/a	n/a	n/a	n/a	n/a	n/a	n/a
309.7716	0.75	COLOR_NAME	32	Neutral	zielony	green	Neutral	Neutral	hit	n/a
310.5009	n/a	RESPONSE	n/a	n/a	n/a	n/a	n/a	n/a	n/a	green
310.5217	1.0167	ITI	n/a	n/a	n/a	n/a	n/a	n/a	n/a	n/a
311.5383	0.5167	FIXCROSS	n/a	n/a	n/a	n/a	n/a	n/a	n/a	n/a
312.055	0.7667	COLOR_NAME	33	Incongruent	zielony	green	czerwony	red	hit	n/a
312.8044	n/a	RESPONSE	n/a	n/a	n/a	n/a	n/a	n/a	n/a	green
312.8217	1.0167	ITI	n/a	n/a	n/a	n/a	n/a	n/a	n/a	n/a
313.8383	0.5167	FIXCROSS	n/a	n/a	n/a	n/a	n/a	n/a	n/a	n/a
314.355	0.5333	COLOR_NAME	34	Neutral	czerwony	red	Neutral	Neutral	hit	n/a
314.8679	n/a	RESPONSE	n/a	n/a	n/a	n/a	n/a	n/a	n/a	red
314.8884	1.0167	ITI	n/a	n/a	n/a	n/a	n/a	n/a	n/a	n/a
315.905	0.5167	FIXCROSS	n/a	n/a	n/a	n/a	n/a	n/a	n/a	n/a
316.4217	0.6667	COLOR_NAME	35	Neutral	czerwony	red	Neutral	Neutral	hit	n/a
317.0594	n/a	RESPONSE	n/a	n/a	n/a	n/a	n/a	n/a	n/a	red
317.0884	1.0167	ITI	n/a	n/a	n/a	n/a	n/a	n/a	n/a	n/a
318.105	0.5167	FIXCROSS	n/a	n/a	n/a	n/a	n/a	n/a	n/a	n/a
318.6217	0.6333	COLOR_NAME	36	Incongruent	żółty	yellow	czerwony	red	hit	n/a
319.2348	n/a	RESPONSE	n/a	n/a	n/a	n/a	n/a	n/a	n/a	yellow
319.255	1.0167	ITI	n/a	n/a	n/a	n/a	n/a	n/a	n/a	n/a
320.2717	0.5167	FIXCROSS	n/a	n/a	n/a	n/a	n/a	n/a	n/a	n/a
320.7884	0.7167	COLOR_NAME	37	Neutral	żółty	yellow	Neutral	Neutral	hit	n/a
321.4743	n/a	RESPONSE	n/a	n/a	n/a	n/a	n/a	n/a	n/a	yellow
321.5051	1.0167	ITI	n/a	n/a	n/a	n/a	n/a	n/a	n/a	n/a
322.5217	0.5167	FIXCROSS	n/a	n/a	n/a	n/a	n/a	n/a	n/a	n/a
323.0384	0.7167	COLOR_NAME	38	Neutral	zielony	green	Neutral	Neutral	hit	n/a
323.7297	n/a	RESPONSE	n/a	n/a	n/a	n/a	n/a	n/a	n/a	green
323.7551	1.0167	ITI	n/a	n/a	n/a	n/a	n/a	n/a	n/a	n/a
324.7717	0.5167	FIXCROSS	n/a	n/a	n/a	n/a	n/a	n/a	n/a	n/a
325.2884	0.5167	COLOR_NAME	39	Incongruent	niebieski	blue	zielony	green	hit	n/a
325.7772	n/a	RESPONSE	n/a	n/a	n/a	n/a	n/a	n/a	n/a	blue
325.8051	1.0167	ITI	n/a	n/a	n/a	n/a	n/a	n/a	n/a	n/a
326.8218	0.5167	FIXCROSS	n/a	n/a	n/a	n/a	n/a	n/a	n/a	n/a
327.3384	1.0	COLOR_NAME	40	Incongruent	niebieski	blue	czerwony	red	hit	n/a
328.3046	n/a	RESPONSE	n/a	n/a	n/a	n/a	n/a	n/a	n/a	blue
328.3384	1.0167	ITI	n/a	n/a	n/a	n/a	n/a	n/a	n/a	n/a
329.3551	0.5167	FIXCROSS	n/a	n/a	n/a	n/a	n/a	n/a	n/a	n/a
329.8718	0.7167	COLOR_NAME	41	Incongruent	niebieski	blue	żółty	yellow	hit	n/a
330.5601	n/a	RESPONSE	n/a	n/a	n/a	n/a	n/a	n/a	n/a	blue
330.5885	1.0167	ITI	n/a	n/a	n/a	n/a	n/a	n/a	n/a	n/a
331.6051	0.5167	FIXCROSS	n/a	n/a	n/a	n/a	n/a	n/a	n/a	n/a
332.1218	0.5833	COLOR_NAME	42	Neutral	czerwony	red	Neutral	Neutral	hit	n/a
332.6876	n/a	RESPONSE	n/a	n/a	n/a	n/a	n/a	n/a	n/a	red
332.7051	1.0167	ITI	n/a	n/a	n/a	n/a	n/a	n/a	n/a	n/a
333.7218	0.5167	FIXCROSS	n/a	n/a	n/a	n/a	n/a	n/a	n/a	n/a
334.2385	0.6333	COLOR_NAME	43	Incongruent	zielony	green	niebieski	blue	hit	n/a
334.8471	n/a	RESPONSE	n/a	n/a	n/a	n/a	n/a	n/a	n/a	green
334.8718	1.0167	ITI	n/a	n/a	n/a	n/a	n/a	n/a	n/a	n/a
335.8885	0.5167	FIXCROSS	n/a	n/a	n/a	n/a	n/a	n/a	n/a	n/a
336.4052	0.6833	COLOR_NAME	44	Incongruent	żółty	yellow	niebieski	blue	hit	n/a
337.0705	n/a	RESPONSE	n/a	n/a	n/a	n/a	n/a	n/a	n/a	yellow
337.0885	1.0167	ITI	n/a	n/a	n/a	n/a	n/a	n/a	n/a	n/a
338.1052	0.5167	FIXCROSS	n/a	n/a	n/a	n/a	n/a	n/a	n/a	n/a
338.6218	0.5833	COLOR_NAME	45	Incongruent	niebieski	blue	zielony	green	hit	n/a
339.182	n/a	RESPONSE	n/a	n/a	n/a	n/a	n/a	n/a	n/a	blue
339.2052	1.0167	ITI	n/a	n/a	n/a	n/a	n/a	n/a	n/a	n/a
340.2219	0.5167	FIXCROSS	n/a	n/a	n/a	n/a	n/a	n/a	n/a	n/a
340.7385	0.5833	COLOR_NAME	46	Neutral	żółty	yellow	Neutral	Neutral	hit	n/a
341.2935	n/a	RESPONSE	n/a	n/a	n/a	n/a	n/a	n/a	n/a	yellow
341.3219	1.0167	ITI	n/a	n/a	n/a	n/a	n/a	n/a	n/a	n/a
342.3385	0.5167	FIXCROSS	n/a	n/a	n/a	n/a	n/a	n/a	n/a	n/a
342.8552	0.5	COLOR_NAME	47	Incongruent	niebieski	blue	zielony	green	hit	n/a
343.325	n/a	RESPONSE	n/a	n/a	n/a	n/a	n/a	n/a	n/a	blue
343.3552	1.0167	ITI	n/a	n/a	n/a	n/a	n/a	n/a	n/a	n/a
344.3719	0.5167	FIXCROSS	n/a	n/a	n/a	n/a	n/a	n/a	n/a	n/a
344.8886	1.0	COLOR_NAME	48	Neutral	zielony	green	Neutral	Neutral	hit	n/a
345.8684	n/a	RESPONSE	n/a	n/a	n/a	n/a	n/a	n/a	n/a	green
345.8886	1.0167	ITI	n/a	n/a	n/a	n/a	n/a	n/a	n/a	n/a
346.9052	0.5167	FIXCROSS	n/a	n/a	n/a	n/a	n/a	n/a	n/a	n/a
347.4219	1.0333	COLOR_NAME	49	Incongruent	czerwony	red	niebieski	blue	hit	n/a
348.4278	n/a	RESPONSE	n/a	n/a	n/a	n/a	n/a	n/a	n/a	red
348.4553	1.0167	ITI	n/a	n/a	n/a	n/a	n/a	n/a	n/a	n/a
349.4719	0.5167	FIXCROSS	n/a	n/a	n/a	n/a	n/a	n/a	n/a	n/a
349.9886	1.35	COLOR_NAME	50	Neutral	żółty	yellow	Neutral	Neutral	hit	n/a
351.3071	n/a	RESPONSE	n/a	n/a	n/a	n/a	n/a	n/a	n/a	yellow
351.3386	1.0167	ITI	n/a	n/a	n/a	n/a	n/a	n/a	n/a	n/a
352.3553	0.5167	FIXCROSS	n/a	n/a	n/a	n/a	n/a	n/a	n/a	n/a
352.8719	0.6167	COLOR_NAME	51	Neutral	czerwony	red	Neutral	Neutral	hit	n/a
353.4666	n/a	RESPONSE	n/a	n/a	n/a	n/a	n/a	n/a	n/a	red
353.4886	1.0167	ITI	n/a	n/a	n/a	n/a	n/a	n/a	n/a	n/a
354.5053	0.5167	FIXCROSS	n/a	n/a	n/a	n/a	n/a	n/a	n/a	n/a
355.022	0.7333	COLOR_NAME	52	Incongruent	zielony	green	czerwony	red	hit	n/a
355.722	n/a	RESPONSE	n/a	n/a	n/a	n/a	n/a	n/a	n/a	green
355.7553	1.0167	ITI	n/a	n/a	n/a	n/a	n/a	n/a	n/a	n/a
356.772	0.5167	FIXCROSS	n/a	n/a	n/a	n/a	n/a	n/a	n/a	n/a
357.2886	0.8	COLOR_NAME	53	Incongruent	żółty	yellow	czerwony	red	hit	n/a
358.0574	n/a	RESPONSE	n/a	n/a	n/a	n/a	n/a	n/a	n/a	yellow
358.0886	1.0167	ITI	n/a	n/a	n/a	n/a	n/a	n/a	n/a	n/a
359.1053	0.5167	FIXCROSS	n/a	n/a	n/a	n/a	n/a	n/a	n/a	n/a
359.622	0.5833	COLOR_NAME	54	Incongruent	czerwony	red	zielony	green	hit	n/a
360.1849	n/a	RESPONSE	n/a	n/a	n/a	n/a	n/a	n/a	n/a	red
360.2053	1.0167	ITI	n/a	n/a	n/a	n/a	n/a	n/a	n/a	n/a
361.222	0.5167	FIXCROSS	n/a	n/a	n/a	n/a	n/a	n/a	n/a	n/a
361.7387	0.65	COLOR_NAME	55	Incongruent	czerwony	red	żółty	yellow	hit	n/a
362.3604	n/a	RESPONSE	n/a	n/a	n/a	n/a	n/a	n/a	n/a	red
362.3887	1.0167	ITI	n/a	n/a	n/a	n/a	n/a	n/a	n/a	n/a
363.4053	0.5167	FIXCROSS	n/a	n/a	n/a	n/a	n/a	n/a	n/a	n/a
363.922	0.6667	COLOR_NAME	56	Incongruent	żółty	yellow	zielony	green	hit	n/a
364.5679	n/a	RESPONSE	n/a	n/a	n/a	n/a	n/a	n/a	n/a	yellow
364.5887	1.0167	ITI	n/a	n/a	n/a	n/a	n/a	n/a	n/a	n/a
365.6054	0.5167	FIXCROSS	n/a	n/a	n/a	n/a	n/a	n/a	n/a	n/a
366.122	0.55	COLOR_NAME	57	Incongruent	czerwony	red	żółty	yellow	hit	n/a
366.6474	n/a	RESPONSE	n/a	n/a	n/a	n/a	n/a	n/a	n/a	red
366.672	1.0167	ITI	n/a	n/a	n/a	n/a	n/a	n/a	n/a	n/a
367.6887	0.5167	FIXCROSS	n/a	n/a	n/a	n/a	n/a	n/a	n/a	n/a
368.2054	0.6833	COLOR_NAME	58	Neutral	czerwony	red	Neutral	Neutral	hit	n/a
368.8709	n/a	RESPONSE	n/a	n/a	n/a	n/a	n/a	n/a	n/a	red
368.8887	1.0167	ITI	n/a	n/a	n/a	n/a	n/a	n/a	n/a	n/a
369.9054	0.5167	FIXCROSS	n/a	n/a	n/a	n/a	n/a	n/a	n/a	n/a
370.4221	0.7833	COLOR_NAME	59	Incongruent	zielony	green	niebieski	blue	hit	n/a
371.1742	n/a	RESPONSE	n/a	n/a	n/a	n/a	n/a	n/a	n/a	green
371.2054	1.0167	ITI	n/a	n/a	n/a	n/a	n/a	n/a	n/a	n/a
372.2221	0.5167	FIXCROSS	n/a	n/a	n/a	n/a	n/a	n/a	n/a	n/a
372.7387	0.55	COLOR_NAME	60	Neutral	żółty	yellow	Neutral	Neutral	hit	n/a
373.2698	n/a	RESPONSE	n/a	n/a	n/a	n/a	n/a	n/a	n/a	yellow
373.2888	1.0167	ITI	n/a	n/a	n/a	n/a	n/a	n/a	n/a	n/a
374.3054	0.5167	FIXCROSS	n/a	n/a	n/a	n/a	n/a	n/a	n/a	n/a
374.8221	0.4833	COLOR_NAME	61	Neutral	niebieski	blue	Neutral	Neutral	hit	n/a
375.2853	n/a	RESPONSE	n/a	n/a	n/a	n/a	n/a	n/a	n/a	blue
375.3054	1.0167	ITI	n/a	n/a	n/a	n/a	n/a	n/a	n/a	n/a
376.3221	0.5167	FIXCROSS	n/a	n/a	n/a	n/a	n/a	n/a	n/a	n/a
376.8388	1.0	COLOR_NAME	62	Neutral	żółty	yellow	Neutral	Neutral	hit	n/a
377.8127	n/a	RESPONSE	n/a	n/a	n/a	n/a	n/a	n/a	n/a	yellow
377.8388	1.0167	ITI	n/a	n/a	n/a	n/a	n/a	n/a	n/a	n/a
378.8555	0.5167	FIXCROSS	n/a	n/a	n/a	n/a	n/a	n/a	n/a	n/a
379.3721	0.5	COLOR_NAME	63	Neutral	czerwony	red	Neutral	Neutral	hit	n/a
379.8442	n/a	RESPONSE	n/a	n/a	n/a	n/a	n/a	n/a	n/a	red
379.8721	1.0167	ITI	n/a	n/a	n/a	n/a	n/a	n/a	n/a	n/a
380.8888	0.5167	FIXCROSS	n/a	n/a	n/a	n/a	n/a	n/a	n/a	n/a
381.4055	0.65	COLOR_NAME	64	Neutral	zielony	green	Neutral	Neutral	hit	n/a
382.0357	n/a	RESPONSE	n/a	n/a	n/a	n/a	n/a	n/a	n/a	green
382.0555	1.0167	ITI	n/a	n/a	n/a	n/a	n/a	n/a	n/a	n/a
383.0722	0.5167	FIXCROSS	n/a	n/a	n/a	n/a	n/a	n/a	n/a	n/a
383.5888	0.5667	COLOR_NAME	65	Neutral	żółty	yellow	Neutral	Neutral	hit	n/a
384.1312	n/a	RESPONSE	n/a	n/a	n/a	n/a	n/a	n/a	n/a	yellow
384.1555	1.0167	ITI	n/a	n/a	n/a	n/a	n/a	n/a	n/a	n/a
385.1722	0.5167	FIXCROSS	n/a	n/a	n/a	n/a	n/a	n/a	n/a	n/a
385.6888	0.55	COLOR_NAME	66	Neutral	niebieski	blue	Neutral	Neutral	hit	n/a
386.2107	n/a	RESPONSE	n/a	n/a	n/a	n/a	n/a	n/a	n/a	blue
386.2388	1.0167	ITI	n/a	n/a	n/a	n/a	n/a	n/a	n/a	n/a
387.2555	0.5167	FIXCROSS	n/a	n/a	n/a	n/a	n/a	n/a	n/a	n/a
387.7722	1.0	COLOR_NAME	67	Neutral	zielony	green	Neutral	Neutral	hit	n/a
388.754	n/a	RESPONSE	n/a	n/a	n/a	n/a	n/a	n/a	n/a	green
388.7722	1.0167	ITI	n/a	n/a	n/a	n/a	n/a	n/a	n/a	n/a
389.7889	0.5167	FIXCROSS	n/a	n/a	n/a	n/a	n/a	n/a	n/a	n/a
390.3055	0.5333	COLOR_NAME	68	Neutral	czerwony	red	Neutral	Neutral	hit	n/a
390.8175	n/a	RESPONSE	n/a	n/a	n/a	n/a	n/a	n/a	n/a	red
390.8389	1.0167	ITI	n/a	n/a	n/a	n/a	n/a	n/a	n/a	n/a
391.8556	0.5167	FIXCROSS	n/a	n/a	n/a	n/a	n/a	n/a	n/a	n/a
392.3722	0.5167	COLOR_NAME	69	Neutral	czerwony	red	Neutral	Neutral	hit	n/a
392.8651	n/a	RESPONSE	n/a	n/a	n/a	n/a	n/a	n/a	n/a	red
392.8889	1.0167	ITI	n/a	n/a	n/a	n/a	n/a	n/a	n/a	n/a
393.9056	0.5167	FIXCROSS	n/a	n/a	n/a	n/a	n/a	n/a	n/a	n/a
394.4222	0.8834	COLOR_NAME	70	Incongruent	czerwony	red	niebieski	blue	hit	n/a
395.2805	n/a	RESPONSE	n/a	n/a	n/a	n/a	n/a	n/a	n/a	red
395.3056	1.0167	ITI	n/a	n/a	n/a	n/a	n/a	n/a	n/a	n/a
396.3222	0.5167	FIXCROSS	n/a	n/a	n/a	n/a	n/a	n/a	n/a	n/a
396.8389	0.6667	COLOR_NAME	71	Incongruent	czerwony	red	żółty	yellow	hit	n/a
397.472	n/a	RESPONSE	n/a	n/a	n/a	n/a	n/a	n/a	n/a	red
397.5056	1.0167	ITI	n/a	n/a	n/a	n/a	n/a	n/a	n/a	n/a
398.5223	0.5167	FIXCROSS	n/a	n/a	n/a	n/a	n/a	n/a	n/a	n/a
399.0389	0.5833	COLOR_NAME	72	Incongruent	czerwony	red	zielony	green	hit	n/a
399.5994	n/a	RESPONSE	n/a	n/a	n/a	n/a	n/a	n/a	n/a	red
399.6223	1.0333	ITI	n/a	n/a	n/a	n/a	n/a	n/a	n/a	n/a
403.2625	n/a	RESPONSE	n/a	n/a	n/a	n/a	n/a	n/a	n/a	n/a
